8.551976919174194
8.564852952957153
8.567991733551025
8.567996263504028
8.564114809036255
8.57500433921814
8.553022384643555
8.570836067199707
8.567004442214966
8.574085235595703
8.573854684829712
8.564085960388184
8.570988416671753
8.585010766983032
8.562979936599731
8.569868564605713
8.58494520187378
8.571926593780518
8.572035789489746
8.568144083023071
8.572833061218262
8.566905736923218
8.572916507720947
8.583998680114746
8.573038816452026
8.586803913116455
8.576873540878296
8.5770103931427
8.581830739974976
8.586995363235474
8.579861879348755
8.574000358581543
8.57395601272583
8.577900171279907
8.572925090789795
8.56986403465271
8.571855545043945
8.575830221176147
8.574763298034668
8.57398533821106
8.579219579696655
8.582968711853027
8.596865892410278
8.57499885559082
8.587995767593384
8.5897958278656
8.586021661758423
8.580906629562378
8.58200478553772
8.59364628791809
8.590906143188477
8.58280634880066
8.57300066947937
8.587664604187012
8.584864377975464
8.577978372573853
8.57487678527832
8.584787845611572
8.576995134353638
8.588865041732788
8.583006143569946
8.582015991210938
8.585996150970459
8.5868661403656
8.571030855178833
8.57589840888977
8.58499789237976
8.592023372650146
8.585094213485718
8.582119941711426
8.581113576889038
8.573866128921509
8.58081603050232
8.577812910079956
8.571144580841064
8.567123889923096
8.583116292953491
8.572065830230713
8.580863237380981
8.577959537506104
8.588997602462769
8.581079959869385
8.585896253585815
8.583920955657959
8.584996223449707
8.587997674942017
8.584988594055176
8.578866004943848
8.581104755401611
8.589991569519043
8.586143732070923
8.577008724212646
8.578905820846558
8.588982343673706
8.582871675491333
8.608965635299683
8.57400131225586
8.588794946670532
8.719997882843018
8.590854167938232
