1.356175422668457
1.5089199542999268
1.503065586090088
1.505995750427246
1.5090012550354004
1.5129990577697754
1.5039265155792236
1.5071213245391846
1.502004623413086
1.5040061473846436
1.5070443153381348
1.5029993057250977
1.5040032863616943
1.5079457759857178
1.5096049308776855
1.5023024082183838
1.5040757656097412
1.5022237300872803
1.5010004043579102
1.5094828605651855
1.5079865455627441
1.5119845867156982
1.5040009021759033
1.5081045627593994
1.5054633617401123
1.504101276397705
1.5090162754058838
1.5139942169189453
1.508063793182373
1.5049512386322021
1.5032362937927246
1.5051541328430176
1.5040028095245361
1.5081815719604492
1.5052270889282227
1.5028457641601562
1.503035306930542
1.5080289840698242
1.5060012340545654
1.5100064277648926
1.5079989433288574
1.5099961757659912
1.5061407089233398
1.5089542865753174
1.5010254383087158
1.504997968673706
1.505002498626709
1.5081932544708252
1.5059990882873535
1.5069003105163574
1.5050151348114014
1.503922939300537
1.5061426162719727
1.5080726146697998
1.5070910453796387
1.5050418376922607
1.5070457458496094
1.511974573135376
1.508094310760498
1.5110034942626953
1.508957862854004
1.5041124820709229
1.5030031204223633
1.5059945583343506
1.504974603652954
1.505995750427246
1.5070199966430664
1.503997564315796
1.5031650066375732
1.508082389831543
1.504042148590088
1.5119943618774414
1.5110042095184326
1.5069994926452637
1.504000186920166
1.505131721496582
1.5279979705810547
1.5120034217834473
1.5110223293304443
1.5080058574676514
1.5048601627349854
1.5130040645599365
1.5120627880096436
1.5089993476867676
1.5059916973114014
1.5071232318878174
1.5051472187042236
1.5030581951141357
1.505145788192749
1.507070541381836
1.5049970149993896
1.5040526390075684
1.5049948692321777
1.5061070919036865
1.503976583480835
1.516998529434204
1.5330026149749756
1.5105979442596436
1.504124402999878
1.5061748027801514
