6.353121280670166
6.350996732711792
6.359864234924316
6.3458781242370605
6.355037689208984
6.348973274230957
6.350998163223267
6.3518970012664795
6.347947835922241
6.3441996574401855
6.348104476928711
6.4180073738098145
6.338840007781982
6.3529767990112305
6.352051258087158
6.349996328353882
6.358131647109985
6.356085777282715
6.345860958099365
6.356886863708496
6.346103191375732
6.346832036972046
6.363947629928589
6.358114004135132
6.367999076843262
6.349002361297607
6.361992835998535
6.344855546951294
6.344874143600464
6.345853328704834
6.343003988265991
6.3600075244903564
6.352956533432007
6.35099720954895
6.339846611022949
6.348146915435791
6.350995063781738
6.375923156738281
6.3559582233428955
6.3560709953308105
6.3438568115234375
6.3540027141571045
6.353981971740723
6.349993944168091
6.353832244873047
6.3579981327056885
6.353956460952759
6.3529980182647705
6.35799241065979
6.357943058013916
6.365959882736206
6.369879722595215
6.370197296142578
6.361157655715942
6.364261865615845
6.3619983196258545
6.360128879547119
6.364854335784912
6.348997592926025
6.3601367473602295
6.358225107192993
6.360990762710571
6.3669984340667725
6.357253074645996
6.369241237640381
6.34411096572876
6.3578269481658936
6.352990627288818
6.367992162704468
6.363284587860107
6.36007022857666
6.363188982009888
6.356054067611694
6.361291408538818
6.373027563095093
6.348998546600342
6.353047609329224
6.367254257202148
6.359162092208862
6.364189147949219
6.362785339355469
6.355204820632935
6.357196807861328
6.357031345367432
6.367254972457886
6.366003036499023
6.3660032749176025
6.365163087844849
6.371828556060791
6.353100061416626
6.35689902305603
6.353994131088257
6.3577492237091064
6.372920036315918
6.364910840988159
6.364267110824585
6.37092661857605
6.361917018890381
6.3678858280181885
6.359002351760864
