0.9369804859161377
0.9369008541107178
0.9390096664428711
0.9350025653839111
0.9328851699829102
0.9330003261566162
0.9379992485046387
0.9330568313598633
0.9349715709686279
0.9339783191680908
0.9340028762817383
0.9361612796783447
0.9378616809844971
0.9359512329101562
0.9380443096160889
0.9378905296325684
0.9330813884735107
0.9389986991882324
0.93611741065979
0.9379992485046387
0.9340028762817383
0.940040111541748
0.9379134178161621
0.9368932247161865
0.9361138343811035
0.9400081634521484
0.9339971542358398
0.9369964599609375
0.9351208209991455
0.9400265216827393
0.9340314865112305
0.9340038299560547
0.9349968433380127
0.9331002235412598
0.9378759860992432
0.9321446418762207
0.9320061206817627
0.939002513885498
0.9359793663024902
0.936875581741333
0.9351730346679688
0.9349524974822998
0.932002067565918
0.935112476348877
0.9388518333435059
0.9368941783905029
0.9390029907226562
0.9369184970855713
0.9330978393554688
0.9390053749084473
0.9370357990264893
0.9369614124298096
0.9349994659423828
0.9330480098724365
0.9358603954315186
0.9361250400543213
0.9350008964538574
0.934070348739624
0.934901237487793
0.9349856376647949
0.93886399269104
0.9368877410888672
0.9340047836303711
0.9360051155090332
0.9338541030883789
0.9370160102844238
0.934004545211792
0.9369161128997803
0.935997486114502
0.9379854202270508
0.9340665340423584
0.9359638690948486
0.9358744621276855
0.9368703365325928
0.934985876083374
0.936861515045166
0.934027910232544
0.9349231719970703
0.935053825378418
0.9361238479614258
0.9350016117095947
0.9359285831451416
0.935016393661499
0.9349956512451172
0.9350275993347168
0.9350695610046387
0.9350852966308594
0.9360151290893555
0.9349367618560791
0.9370505809783936
0.9370145797729492
0.9399974346160889
0.93509840965271
0.9361667633056641
0.9363501071929932
0.9359967708587646
0.9378664493560791
0.9358804225921631
0.9330532550811768
0.9340448379516602
